Date,Open,High,Low,Close,Volume,Adj Close
2013-08-26,625.75,625.75,605.42,610.61,590200,610.61
2013-08-19,619.15,627.59,616.86,626.11,494200,626.11
2013-08-12,639.61,639.61,615.63,618.21,451800,618.21
2013-08-05,641.22,656.98,637.68,637.96,568000,637.96
2013-07-29,598.87,649.65,567.02,645.57,1728100,645.57
2013-07-22,594.34,604.85,589.65,598.15,577700,598.15
2013-07-15,599.24,600.95,582.95,593.33,598500,593.33
2013-07-08,597.18,602.74,587.38,598.86,549000,598.86
2013-07-01,578.61,595.03,577.55,595.03,550900,595.03
2013-06-24,563.37,577.43,557.48,574.50,788400,573.91
2013-06-17,574.07,591.89,568.88,573.29,835900,572.70
2013-06-10,567.60,575.54,557.06,571.16,582000,570.58
2013-06-03,571.34,576.90,557.10,566.25,585300,565.67
2013-05-28,580.00,585.27,569.61,570.25,452700,569.67
2013-05-20,583.14,589.00,563.32,571.46,487600,570.88
2013-05-13,553.00,585.00,553.00,584.78,544300,584.18
2013-05-06,553.60,557.54,533.79,555.13,476800,554.56
2013-04-29,537.48,557.66,535.35,553.55,786300,552.98
2013-04-22,522.05,539.00,518.79,535.33,379200,534.78
2013-04-15,530.23,533.85,518.56,521.96,572500,521.43
2013-04-08,530.69,542.32,523.15,532.99,599000,532.44
2013-04-01,542.44,546.90,526.99,531.60,494800,531.06
2013-03-25,520.25,541.96,518.77,541.13,692400,539.97
2013-03-18,515.31,519.66,508.16,517.50,540800,516.39
2013-03-11,529.58,532.47,518.22,519.37,615300,518.26
2013-03-04,515.98,531.23,515.76,529.23,526200,528.09
2013-02-25,525.34,526.00,507.36,518.30,678200,517.19
2013-02-19,525.00,526.49,510.56,523.83,575400,522.71
2013-02-11,525.62,526.16,516.15,523.13,535500,522.01
2013-02-04,516.29,524.47,512.09,524.47,637600,523.34
2013-01-28,520.94,535.35,513.00,518.71,1175900,517.60
2013-01-22,524.79,525.70,514.63,519.42,636900,518.31
2013-01-14,529.55,529.98,513.42,521.00,759500,519.88
2013-01-07,512.50,532.47,511.66,528.68,976600,527.55
2012-12-31,483.37,515.46,482.90,510.98,994100,509.58
2012-12-24,492.86,496.25,481.12,483.08,484000,481.76
2012-12-17,483.42,498.62,481.08,493.57,742100,492.22
2012-12-10,480.36,487.60,475.48,482.30,697700,480.98
2012-12-03,491.00,494.51,473.86,476.09,678700,474.79
2012-11-26,480.18,490.75,474.77,488.68,706800,487.35
2012-11-19,469.40,482.58,468.39,481.24,473300,479.93
2012-11-12,465.68,476.92,453.57,464.59,683200,463.32
2012-11-05,467.26,472.89,458.48,464.66,610900,463.39
2012-10-31,452.52,476.99,451.18,469.45,1026900,468.17
2012-10-22,472.98,472.98,447.38,452.98,758400,451.74
2012-10-15,472.34,486.08,467.90,470.06,793100,468.78
2012-10-08,474.24,476.04,460.48,473.36,791400,472.07
2012-10-01,453.18,483.00,452.50,475.27,752500,473.97
2012-09-24,457.50,457.73,445.77,451.48,559900,449.96
2012-09-17,454.32,461.79,447.25,459.52,782500,457.98
2012-09-10,436.62,456.66,436.33,454.18,717000,452.65
2012-09-04,417.54,436.79,417.54,436.20,659200,434.73
2012-08-27,422.49,426.47,419.01,422.90,422800,421.48
2012-08-20,427.10,429.81,416.67,422.45,528400,421.03
2012-08-13,424.57,433.15,422.12,426.81,466700,425.38
2012-08-06,424.20,427.86,413.18,426.03,831100,424.60
2012-07-30,436.20,446.75,418.10,424.13,1297400,422.70
2012-07-23,416.27,436.75,404.70,436.75,827500,435.28
2012-07-16,439.77,448.00,421.43,423.15,932000,421.73
2012-07-09,434.33,436.43,412.84,429.60,785700,428.16
2012-07-02,435.07,445.25,430.16,441.63,629400,440.15
2012-06-25,432.85,435.73,416.76,430.11,732400,428.37
2012-06-18,424.93,435.08,420.60,435.08,648600,433.32
2012-06-11,420.50,426.69,408.00,426.69,703800,424.97
2012-06-04,391.70,425.07,390.10,416.55,919400,414.87
2012-05-29,417.33,419.75,389.90,391.78,832500,390.20
2012-05-21,396.00,428.77,394.20,413.96,1032700,412.29
2012-05-14,418.17,421.00,394.56,394.56,1100300,392.97
2012-05-07,434.65,442.82,418.27,422.40,1012800,420.69
2012-04-30,459.40,466.98,433.84,439.69,1576400,437.91
2012-04-23,436.01,462.34,420.75,457.58,1017300,455.73
2012-04-16,440.87,443.29,429.01,440.44,681500,438.66
2012-04-09,432.94,443.80,424.19,440.46,856400,438.68
2012-04-02,421.84,442.20,419.00,439.85,970000,438.07
2012-03-26,427.29,437.56,420.00,420.54,797300,418.55
2012-03-19,419.77,428.10,415.01,424.01,658300,422.01
2012-03-12,418.07,426.13,416.80,420.17,673200,418.19
2012-03-05,414.52,421.07,406.28,419.52,810300,417.54
2012-02-27,412.33,428.57,410.97,412.78,956200,410.83
2012-02-21,395.45,418.76,394.01,415.61,1069000,413.65
2012-02-13,399.52,400.00,389.77,396.00,714400,394.13
2012-02-06,393.00,401.79,387.00,396.14,1027900,394.27
2012-01-30,346.97,391.30,346.25,390.32,1816200,388.48
2012-01-23,339.95,354.94,336.26,348.79,852800,347.14
2012-01-17,341.07,356.00,337.50,340.66,1284100,339.05
2012-01-09,344.87,351.28,337.32,339.08,1237900,337.48
2012-01-03,378.37,378.64,341.78,342.92,1829800,341.30
2011-12-27,378.79,381.32,371.39,372.82,494700,370.90
2011-12-19,362.70,378.15,358.00,378.15,920900,376.21
2011-12-12,373.98,375.31,358.29,362.16,789800,360.30
2011-12-05,382.99,383.35,366.36,377.42,895100,375.48
2011-11-28,355.92,384.99,354.80,378.38,1046500,376.44
2011-11-21,355.01,358.35,345.00,346.20,876800,344.42
2011-11-14,366.27,373.55,356.00,360.42,951800,358.57
2011-11-07,361.97,370.37,355.37,370.15,952800,368.25
2011-10-31,351.15,368.99,333.36,360.09,1592600,358.24
2011-10-24,332.80,355.00,324.58,354.58,1082100,352.76
2011-10-17,340.84,342.16,322.49,333.40,1102800,331.69
2011-10-10,315.53,344.92,315.53,341.58,1132000,339.82
2011-10-03,314.50,324.00,293.01,311.46,1662800,309.86
2011-09-26,339.84,343.96,312.48,317.16,1317000,315.38
2011-09-19,341.55,361.94,323.23,337.03,1774100,335.13
2011-09-12,319.95,352.00,314.70,346.95,2365500,345.00
2011-09-06,313.08,345.13,311.52,322.02,1559800,320.21
2011-08-29,329.47,335.75,320.05,320.68,1118900,318.88
2011-08-22,307.94,329.81,301.40,325.33,1030100,323.50
2011-08-15,331.02,338.50,300.00,300.16,1623800,298.47
2011-08-08,314.87,332.72,291.67,328.07,2475500,326.22
2011-08-01,308.24,340.42,298.49,326.54,2377700,324.70
2011-07-25,310.27,318.71,299.60,303.25,869000,301.54
2011-07-18,306.64,315.71,303.95,314.14,870300,312.37
2011-07-11,313.19,313.35,303.73,307.55,1130800,305.82
2011-07-05,312.42,322.28,312.00,315.29,1335800,313.52
2011-06-27,273.08,315.64,270.40,314.47,2497400,312.55
2011-06-20,265.99,276.30,265.37,274.20,735700,272.53
2011-06-13,267.02,275.68,264.87,266.09,1005000,264.47
2011-06-06,276.76,277.73,258.34,267.03,1382400,265.40
2011-05-31,286.78,288.57,275.51,277.06,846700,275.37
2011-05-23,274.50,286.32,268.00,285.24,1057900,283.50
2011-05-16,278.21,284.77,276.51,277.57,810400,275.88
2011-05-09,274.52,282.75,273.11,280.00,603500,278.29
2011-05-02,276.97,286.80,273.07,274.25,1021600,272.58
2011-04-25,273.28,278.10,270.69,275.89,595800,274.21
2011-04-18,266.49,273.75,263.48,273.28,680700,271.61
2011-04-11,262.88,269.96,260.55,267.58,972000,265.95
2011-04-04,254.91,267.00,254.86,263.06,981700,261.46
2011-03-28,250.76,262.38,247.83,253.55,1123900,251.86
2011-03-21,243.33,253.30,243.33,247.70,838600,246.05
2011-03-14,247.20,249.59,241.40,241.68,851200,240.07
2011-03-07,249.91,252.89,242.02,248.42,805000,246.76
2011-02-28,247.58,251.78,240.36,249.75,1008400,248.09
2011-02-22,245.31,250.53,242.96,246.71,869000,245.07
2011-02-14,252.54,258.83,248.61,250.74,1005500,249.07
2011-02-07,247.27,254.84,247.27,253.49,617000,251.80
2011-01-31,234.00,249.43,230.31,247.24,1053200,245.59
2011-01-24,233.54,243.60,233.46,234.87,847300,233.30
2011-01-18,236.22,238.98,228.03,233.53,1392900,231.97
2011-01-10,231.35,236.91,228.39,236.91,959500,235.33
2011-01-03,226.44,233.48,219.33,231.09,1812500,229.55
2010-12-27,218.30,226.75,217.54,224.11,838300,222.47
2010-12-20,221.30,226.00,215.42,218.30,2423200,216.70
2010-12-13,254.58,260.72,215.00,221.26,3753800,219.64
2010-12-06,247.25,255.66,246.18,254.76,803900,252.90
2010-11-29,234.90,250.00,230.01,249.08,1138600,247.26
2010-11-22,242.52,244.16,233.00,235.15,851500,233.43
2010-11-15,242.82,247.49,232.72,243.88,1076500,242.10
2010-11-08,255.00,255.88,242.61,243.17,718500,241.39
2010-11-01,242.61,256.89,238.23,256.29,1297400,254.42
2010-10-25,244.10,248.50,237.42,240.06,983800,238.31
2010-10-18,234.90,246.25,232.50,242.64,1018200,240.87
2010-10-11,222.31,235.64,220.00,233.70,1216200,231.99
2010-10-04,225.58,227.99,219.00,222.59,990100,220.96
2010-09-27,221.00,226.30,220.35,224.78,1046600,222.99
2010-09-20,214.00,223.18,211.52,221.57,1568800,219.80
2010-09-13,196.67,214.35,191.00,213.67,2938100,211.97
2010-09-07,204.65,205.93,191.20,198.14,1708300,196.56
2010-08-30,207.65,207.65,197.06,206.98,1031700,205.33
2010-08-23,208.33,208.54,201.06,206.62,835000,204.97
2010-08-16,209.19,215.14,204.81,206.37,713100,204.72
2010-08-09,209.60,217.41,207.00,210.64,1451400,208.96
2010-08-02,207.48,208.12,198.00,207.42,2316900,205.77
2010-07-26,213.65,217.05,204.50,210.04,973300,208.36
2010-07-19,197.66,213.27,193.00,212.94,1434300,211.24
2010-07-12,213.03,216.88,197.22,197.22,1384300,195.65
2010-07-06,203.99,215.52,198.06,215.52,1259400,213.80
2010-06-28,218.00,219.08,194.71,202.77,1658300,201.15
2010-06-21,215.73,230.48,211.18,218.39,2410200,216.48
2010-06-14,206.84,217.17,202.88,214.26,1647800,212.39
2010-06-07,197.29,206.30,193.76,204.88,3052400,203.09
2010-06-01,201.00,203.70,196.50,196.67,2396800,194.95
2010-05-24,215.39,216.49,201.15,201.77,2144300,200.01
2010-05-17,215.24,217.34,195.58,213.85,5822600,211.98
2010-05-10,233.99,239.92,209.07,212.45,4245000,210.60
2010-05-03,251.19,257.44,211.00,223.09,2710000,221.14
2010-04-26,268.16,269.22,245.99,248.04,1336000,245.88
2010-04-19,258.83,267.58,252.01,267.22,819700,264.89
2010-04-12,258.31,264.66,257.21,259.50,862100,257.24
2010-04-05,254.53,261.00,252.87,258.88,812900,256.62
2010-03-29,246.93,255.89,246.61,253.94,996300,251.58
2010-03-22,242.79,250.65,242.25,246.24,1015700,243.95
2010-03-15,250.98,251.30,242.55,244.36,989400,242.09
2010-03-08,239.09,251.89,238.39,249.97,1824300,247.65
2010-03-01,225.94,239.80,225.38,239.54,1884000,237.31
2010-02-22,222.84,226.95,216.43,224.37,1468100,222.28
2010-02-16,226.60,228.17,219.60,222.63,1624200,220.56
2010-02-08,221.00,229.29,220.17,225.48,1800700,223.38
2010-02-01,251.13,256.51,217.15,220.74,4144200,218.69
2010-01-25,253.40,257.95,245.83,249.90,1264600,247.58
2010-01-19,262.50,269.88,251.08,251.81,1305600,249.47
2010-01-11,254.57,265.88,247.88,262.65,1204000,260.21
2010-01-04,257.99,258.20,250.98,253.98,1058400,251.62
2009-12-28,255.90,259.00,253.00,255.98,681300,253.45
2009-12-21,256.00,258.15,253.71,255.42,715900,252.90
2009-12-14,247.00,255.72,242.39,254.84,1589100,252.32
2009-12-07,239.50,246.00,236.69,243.94,839800,241.53
2009-11-30,236.95,246.89,235.41,241.33,1362000,238.95
2009-11-23,233.49,240.58,232.79,235.59,1044800,233.26
2009-11-16,236.43,236.75,222.87,231.16,2565500,228.88
2009-11-09,238.50,242.93,232.64,234.72,1875400,232.40
2009-11-02,221.00,237.18,209.57,236.90,3177400,234.56
2009-10-26,230.65,231.39,218.00,219.02,2222400,216.86
2009-10-19,224.00,232.25,221.87,229.96,1181500,227.69
2009-10-12,218.56,227.23,214.14,223.87,1628000,221.66
2009-10-05,200.51,215.45,197.85,214.42,2173200,212.30
2009-09-28,205.37,212.87,196.95,199.69,2064800,197.57
2009-09-21,222.91,225.83,204.06,204.70,1926800,202.53
2009-09-14,207.45,223.57,206.32,223.57,2471900,221.20
2009-09-08,208.10,212.88,206.00,208.81,1241400,206.59
2009-08-31,202.08,207.18,199.05,206.05,1264900,203.86
2009-08-24,208.05,211.10,203.00,203.57,1177100,201.41
2009-08-17,196.00,208.07,195.35,207.25,1104400,205.05
2009-08-10,204.79,206.94,200.30,202.61,1188400,200.46
2009-08-03,196.21,206.00,195.51,204.34,1478800,202.17
2009-07-27,187.94,209.27,184.38,194.03,3148500,191.97
2009-07-20,180.52,189.10,178.00,185.47,1865500,183.50
2009-07-13,160.56,181.25,160.49,179.84,1799400,177.93
2009-07-06,165.00,167.37,158.57,160.56,1820200,158.86
2009-06-29,169.49,169.49,162.53,166.28,1480300,164.36
2009-06-22,161.15,168.91,155.51,168.91,2308800,166.96
2009-06-15,165.25,168.39,160.17,161.35,2356100,159.49
2009-06-08,166.31,175.88,164.40,167.06,3518800,165.13
2009-06-01,177.50,179.00,162.25,167.68,2964500,165.75
2009-05-26,167.00,176.33,165.27,176.33,1858700,174.30
2009-05-18,174.66,176.49,166.45,168.36,3196800,166.42
2009-05-11,181.60,184.69,169.22,173.13,2490400,171.13
2009-05-04,176.75,186.75,171.67,185.08,3401400,182.94
2009-04-27,168.16,188.77,162.70,172.90,5653900,170.90
2009-04-20,159.76,173.10,149.34,173.09,3695500,171.09
2009-04-13,170.10,176.62,157.66,163.06,3512800,161.18
2009-04-06,171.60,177.45,163.80,172.46,2873900,170.47
2009-03-30,164.34,174.05,157.15,174.05,3620500,171.89
2009-03-23,158.50,171.41,155.71,167.47,2835000,165.39
2009-03-16,160.00,165.28,152.51,155.53,2764700,153.60
2009-03-09,140.25,160.23,139.56,158.31,2986300,156.34
2009-03-02,154.77,158.70,139.16,142.44,3892700,140.67
2009-02-23,160.50,165.96,151.22,158.03,4409300,156.07
2009-02-17,158.00,162.00,150.43,158.01,3519900,156.05
2009-02-09,162.24,168.88,155.15,161.90,3429100,159.89
2009-02-02,133.61,164.63,130.27,162.50,4749300,160.48
2009-01-26,124.44,139.55,121.56,135.78,2561600,134.09
2009-01-20,126.19,132.38,117.06,125.45,4137000,123.89
2009-01-12,147.73,151.62,120.16,128.22,4803200,126.63
2009-01-05,149.55,165.00,147.29,150.04,3009800,148.17
2008-12-29,140.02,150.70,135.08,149.78,1937300,147.78
2008-12-22,152.98,152.98,139.21,140.93,1118300,139.05
2008-12-15,137.91,158.00,135.00,152.34,2646200,150.31
2008-12-08,143.94,151.50,132.10,138.81,2839400,136.96
2008-12-01,140.97,141.59,127.66,140.12,3256900,138.25
2008-11-24,128.33,148.80,122.30,145.30,3396900,143.36
2008-11-17,141.40,145.56,113.05,126.54,5177100,124.85
2008-11-10,150.50,153.60,128.09,143.68,3693100,141.76
2008-11-03,149.04,171.97,138.55,147.73,6874100,145.76
2008-10-27,127.63,148.71,123.50,147.82,3929100,145.85
2008-10-20,160.26,161.79,120.02,130.62,4385500,128.88
2008-10-13,160.45,184.30,143.72,156.75,4659200,154.66
2008-10-06,151.16,174.33,140.00,151.71,5946300,149.68
2008-09-29,179.99,181.84,150.60,160.20,5184600,157.91
2008-09-22,225.00,225.25,178.28,185.07,4098000,182.43
2008-09-15,213.06,239.00,182.07,225.18,6049300,221.96
2008-09-08,230.36,231.00,205.20,223.82,3586300,220.62
2008-09-02,245.88,248.00,207.93,221.44,3766500,218.28
2008-08-25,240.04,243.40,231.57,242.55,1548800,239.09
2008-08-18,240.55,244.90,233.20,241.64,1967300,238.19
2008-08-11,232.57,240.35,227.91,238.95,2402900,235.54
2008-08-04,232.99,240.00,221.00,232.13,3918600,228.81
2008-07-28,264.90,272.00,225.49,237.27,7572500,233.88
2008-07-21,284.14,284.65,254.53,263.55,4220400,259.79
2008-07-14,263.00,290.96,242.70,280.86,7438100,276.85
2008-07-07,256.79,264.99,237.42,257.35,4645900,253.67
2008-06-30,273.00,276.50,250.50,253.74,3174800,249.97
2008-06-23,285.53,295.16,267.04,271.72,3565400,267.69
2008-06-16,291.99,299.84,283.01,284.01,2056200,279.80
2008-06-09,297.10,298.86,276.41,292.46,3152700,288.12
2008-06-02,309.26,320.00,294.54,295.73,5720700,291.34
2008-05-27,274.01,320.30,272.83,308.65,5897300,304.07
2008-05-19,283.51,286.05,270.45,273.22,2034500,269.17
2008-05-12,286.56,295.20,280.60,283.40,1926500,279.19
2008-05-05,282.12,301.43,282.02,286.85,2554900,282.59
2008-04-28,239.31,298.40,235.57,285.04,6041500,280.81
2008-04-21,234.67,245.25,231.02,237.39,1616700,233.87
2008-04-14,227.52,239.22,219.85,233.71,2226400,230.24
2008-04-07,228.94,236.19,225.24,228.60,2024500,225.21
2008-03-31,218.00,233.75,214.77,226.57,2476900,223.06
2008-03-24,222.30,230.35,214.75,217.60,3107100,214.23
2008-03-17,201.90,222.46,193.03,220.38,6032500,216.97
2008-03-10,192.12,215.40,183.58,208.65,4695900,205.42
2008-03-03,188.30,195.90,185.01,192.51,3145000,189.53
2008-02-25,201.35,202.00,187.25,190.00,3691200,187.06
2008-02-19,208.01,210.45,198.00,203.48,2844000,200.33
2008-02-11,207.08,214.58,197.12,206.00,2583000,202.81
2008-02-04,215.00,222.25,195.16,205.61,3835600,202.42
2008-01-28,190.40,218.45,184.29,215.42,5218700,212.08
2008-01-22,164.01,196.00,160.82,193.43,4407300,190.43
2008-01-14,180.55,181.90,169.61,174.62,4750000,171.91
2008-01-07,201.71,207.70,176.25,179.17,5596500,176.39
2007-12-31,210.13,220.29,198.44,201.19,2517300,197.92
2007-12-24,212.00,215.96,207.00,210.00,1326700,206.59
2007-12-17,216.57,217.00,197.50,212.35,4297800,208.90
2007-12-10,211.00,227.18,210.99,216.56,4964600,213.04
2007-12-03,200.00,211.75,194.51,209.60,3159100,206.20
2007-11-26,183.75,206.43,179.50,200.65,3590900,197.39
2007-11-19,182.87,187.31,175.58,181.10,1969900,178.16
2007-11-12,190.83,196.42,179.50,184.87,2824300,181.87
2007-11-05,185.61,203.00,182.31,193.00,5217100,189.87
2007-10-29,159.10,198.55,153.68,190.04,7902900,186.95
2007-10-22,149.99,159.68,143.15,157.03,4917400,154.48
2007-10-15,163.21,163.65,150.36,151.60,2199500,149.14
2007-10-08,163.00,169.32,158.21,163.21,2692700,160.40
2007-10-01,147.73,164.87,147.73,162.46,3235400,159.67
2007-09-24,147.50,152.23,138.85,147.97,4115100,145.43
2007-09-17,137.44,152.00,135.00,146.56,3047700,144.04
2007-09-10,130.72,142.36,126.63,137.85,2337500,135.48
2007-09-04,138.27,139.90,129.54,130.21,1906900,127.97
2007-08-27,138.43,140.91,130.01,136.99,2844000,134.64
2007-08-20,139.57,146.00,136.31,139.83,2539400,137.43
2007-08-13,142.50,143.13,120.00,137.00,4597200,134.65
2007-08-06,132.11,150.00,123.46,138.40,5722600,136.02
2007-07-30,156.46,170.52,128.17,131.26,6478200,129.00
2007-07-23,165.50,169.00,152.00,154.03,2947400,151.38
2007-07-16,168.00,172.82,162.65,165.28,2895900,162.44
2007-07-09,162.00,174.60,155.58,169.21,3923400,166.30
2007-07-02,165.50,167.49,159.55,161.90,1943400,159.12
2007-06-25,169.00,169.00,157.80,165.87,3211500,163.02
2007-06-18,159.41,169.40,158.18,168.43,5566900,165.38
2007-06-11,144.16,158.24,140.07,157.65,4571600,154.80
2007-06-04,150.02,151.72,135.18,143.58,4085600,140.98
2007-05-29,141.95,153.31,141.02,151.10,4761500,148.37
2007-05-21,137.25,143.56,136.85,139.07,2627200,136.56
2007-05-14,138.84,139.59,133.53,138.05,2466400,135.55
2007-05-07,134.30,143.24,132.90,138.83,4566000,136.32
2007-04-30,114.25,135.95,111.01,134.66,7263500,132.23
2007-04-23,110.00,114.66,107.64,114.10,1770300,112.04
2007-04-16,110.00,110.88,108.20,110.10,956300,108.11
2007-04-09,108.40,111.40,107.20,109.40,1181200,107.42
2007-04-02,107.10,109.40,105.93,108.01,1445800,106.06
2007-03-26,108.70,109.25,105.75,106.24,1239300,104.17
2007-03-19,105.52,112.32,105.52,109.86,1939800,107.72
2007-03-12,102.01,106.20,101.39,105.27,2756800,103.22
2007-03-05,101.15,104.71,99.28,102.36,4224300,100.37
2007-02-26,104.82,107.90,99.99,103.06,3089900,101.06
2007-02-20,108.32,109.25,103.72,104.57,2316200,102.54
2007-02-12,101.97,109.12,98.61,108.32,5197300,106.21
2007-02-05,110.50,118.07,99.63,103.60,7225200,101.59
2007-01-29,109.00,112.98,108.70,110.96,1291100,108.80
2007-01-22,105.99,113.08,104.50,108.52,2267500,106.41
2007-01-16,105.30,110.22,101.80,105.03,3419400,102.99
2007-01-08,99.01,108.03,99.00,105.25,2879200,103.20
2007-01-03,99.55,102.20,95.30,101.06,2764800,99.01
2006-12-26,96.50,99.79,94.38,98.49,1587100,96.49
2006-12-18,96.00,99.45,90.50,96.35,2610000,94.40
2006-12-11,100.10,102.24,94.27,96.19,2685900,94.24
2006-12-04,101.00,102.25,98.50,100.10,2187000,98.07
2006-11-27,106.00,108.60,95.50,101.17,5212200,99.12
2006-11-20,93.98,105.85,93.72,105.48,3666100,103.34
2006-11-13,93.71,99.65,92.06,94.79,5469100,92.87
2006-11-06,90.00,97.14,87.76,89.20,6486100,87.39
2006-10-30,72.62,89.75,71.75,89.51,5993900,87.70
2006-10-23,71.35,74.00,69.00,72.64,1502800,71.17
2006-10-16,70.00,72.90,69.27,71.22,918100,69.78
2006-10-09,71.90,73.25,68.28,70.09,2515300,68.67
2006-10-02,70.35,75.85,68.40,75.15,2179400,73.63
2006-09-25,65.25,70.45,62.20,70.35,2574600,68.83
2006-09-18,65.74,69.60,64.30,65.93,2266600,64.51
2006-09-11,59.75,65.20,59.60,64.97,1574700,63.57
2006-09-05,56.90,61.25,56.25,59.75,1550900,58.46
2006-08-28,54.85,57.50,54.77,56.55,806800,55.33
2006-08-21,53.30,55.85,52.80,55.00,922400,53.82
2006-08-14,53.75,55.43,52.46,53.45,995400,52.30
2006-08-07,50.50,54.50,50.25,53.68,1076700,52.52
2006-07-31,46.30,51.50,44.70,50.05,2025600,48.97
2006-07-24,45.45,47.85,44.99,46.30,652000,45.30
2006-07-17,43.91,45.78,43.67,45.28,1042400,44.30
2006-07-10,46.20,46.57,43.90,43.95,940300,43.00
2006-07-03,47.90,48.00,45.75,46.12,919300,45.13
2006-06-26,46.95,48.09,46.43,48.00,1351600,46.97
2006-06-19,45.45,47.93,43.47,46.95,1558600,45.94
2006-06-12,48.00,48.25,44.44,45.02,1519700,44.05
2006-06-05,47.05,50.63,45.50,47.78,3178600,46.75
2006-05-30,44.97,48.70,42.85,46.99,4484600,45.98
2006-05-25,40.30,46.74,40.20,44.93,24911400,43.96
