Date,Open,High,Low,Close,Volume,Adj Close
2013-08-30,53.50,53.54,52.29,53.04,364100,53.04
2013-08-29,52.83,54.43,52.56,53.59,272800,53.59
2013-08-28,52.85,53.38,52.31,52.83,272700,52.83
2013-08-27,54.59,55.43,52.93,53.00,317500,53.00
2013-08-26,55.68,56.53,54.96,55.26,415700,55.26
2013-08-23,54.89,55.50,54.72,55.45,230200,55.45
2013-08-22,54.77,55.27,54.46,54.72,207500,54.72
2013-08-21,55.20,55.20,54.35,54.48,292900,54.48
2013-08-20,55.15,55.73,54.84,55.41,376300,55.41
2013-08-19,55.68,56.59,55.10,55.18,591700,55.18
2013-08-16,54.80,55.86,54.19,55.58,481900,55.58
2013-08-15,55.65,55.98,54.72,54.82,390400,54.82
2013-08-14,57.53,57.53,56.00,56.04,813100,56.04
2013-08-13,54.92,57.57,54.77,56.88,1090100,56.88
2013-08-12,53.13,54.93,52.71,54.53,644000,54.53
2013-08-09,52.21,52.92,52.01,52.51,501700,52.51
2013-08-08,52.04,52.30,50.48,52.18,2506600,52.18
2013-08-07,51.75,51.75,50.01,50.55,573400,50.55
2013-08-06,52.52,52.81,51.64,51.75,311400,51.75
2013-08-05,52.27,52.57,52.05,52.42,409100,52.42
2013-08-02,51.19,52.66,50.06,52.08,448400,52.08
2013-08-01,150.31,154.47,148.01,154.28,2274300,51.43
2013-07-31,156.02,159.00,149.04,149.31,1446300,49.77
2013-07-30,142.06,146.38,142.06,144.13,732900,48.04
2013-07-29,140.01,143.14,139.01,141.35,450900,47.12
2013-07-26,143.69,144.80,142.59,143.70,310800,47.90
2013-07-25,145.74,146.50,144.70,144.91,287100,48.30
2013-07-24,145.27,147.93,145.27,145.84,363900,48.61
2013-07-23,146.35,146.40,144.50,145.14,476700,48.38
2013-07-22,144.86,146.20,144.58,145.70,315300,48.57
2013-07-19,145.96,148.00,144.67,145.53,278100,48.51
2013-07-18,148.35,150.31,146.48,146.73,418200,48.91
2013-07-17,143.02,148.63,142.03,148.24,458400,49.41
2013-07-16,141.85,144.13,141.28,141.98,636600,47.33
2013-07-15,142.48,142.94,141.28,142.17,555300,47.39
2013-07-12,141.88,143.50,140.63,142.07,555000,47.36
2013-07-11,141.29,142.96,140.35,141.60,647400,47.20
2013-07-10,146.69,146.69,137.48,139.62,1187400,46.54
2013-07-09,149.56,151.83,145.49,146.51,610500,48.84
2013-07-08,151.94,152.75,148.00,149.36,815100,49.79
2013-07-05,158.43,158.93,154.49,158.93,220500,52.98
2013-07-03,158.50,159.03,155.28,156.19,133800,52.06
2013-07-02,157.90,159.68,157.23,158.68,287100,52.89
2013-07-01,154.83,158.68,154.05,157.97,378900,52.66
2013-06-28,156.49,156.83,153.52,153.63,770700,51.21
2013-06-27,155.51,157.11,154.92,156.49,128700,52.16
2013-06-26,155.63,155.63,153.53,154.77,180300,51.59
2013-06-25,156.37,157.70,153.53,154.60,267600,51.53
2013-06-24,158.96,159.07,152.13,155.14,498900,51.71
2013-06-21,157.17,160.20,156.02,159.73,594600,53.24
2013-06-20,158.48,159.90,156.00,156.70,225600,52.23
2013-06-19,160.60,161.57,159.27,160.06,192900,53.35
2013-06-18,162.30,163.43,159.79,160.23,344100,53.41
2013-06-17,155.58,163.87,155.58,161.60,481500,53.87
2013-06-14,153.48,155.59,153.19,155.06,193200,51.69
2013-06-13,154.29,154.70,153.05,154.03,254700,51.34
2013-06-12,152.50,154.81,152.06,153.77,227400,51.26
2013-06-11,151.38,153.59,150.29,151.90,136500,50.63
2013-06-10,150.08,153.88,149.50,152.32,243600,50.77
2013-06-07,150.88,150.88,147.01,148.99,336900,49.66
2013-06-06,148.98,150.24,146.85,150.16,218400,50.05
2013-06-05,149.88,151.29,147.58,149.24,162600,49.75
2013-06-04,152.55,152.92,149.03,150.41,279300,50.14
2013-06-03,153.11,153.11,150.32,152.55,257400,50.85
2013-05-31,151.10,153.65,151.10,152.27,168300,50.76
2013-05-30,151.60,153.25,151.27,152.01,158400,50.67
2013-05-29,153.85,153.85,149.21,150.83,87900,50.28
2013-05-28,149.15,151.09,148.71,150.64,245100,50.21
2013-05-24,146.21,147.95,145.51,147.12,161700,49.04
2013-05-23,146.46,147.04,145.07,146.49,147300,48.83
2013-05-22,147.82,149.99,145.37,147.14,237900,49.05
2013-05-21,147.04,148.36,146.91,147.27,198000,49.09
2013-05-20,149.29,149.79,146.35,147.23,182700,49.08
2013-05-17,149.44,151.50,148.80,150.06,291000,50.02
2013-05-16,150.00,151.51,146.84,149.27,309300,49.76
2013-05-15,149.28,151.00,147.79,150.00,370200,50.00
2013-05-14,147.46,149.69,147.46,148.97,363900,49.66
2013-05-13,146.18,147.41,146.05,146.93,198300,48.98
2013-05-10,146.20,147.48,144.31,146.92,163800,48.97
2013-05-09,142.07,147.00,142.07,146.33,279000,48.78
2013-05-08,141.19,142.55,140.56,142.55,174600,47.52
2013-05-07,139.40,141.84,138.45,141.76,233700,47.25
2013-05-06,138.55,139.86,137.66,139.25,197700,46.42
2013-05-03,139.35,140.98,135.15,138.97,363600,46.32
2013-05-02,131.82,138.20,129.91,136.74,379500,45.58
2013-05-01,127.78,133.50,127.78,130.88,564600,43.63
2013-04-30,121.74,123.31,121.00,122.75,156600,40.92
2013-04-29,121.75,122.53,120.37,122.00,127500,40.67
2013-04-26,121.83,122.16,120.60,121.45,92100,40.48
2013-04-25,122.06,122.80,121.14,121.85,140700,40.62
2013-04-24,120.48,123.05,119.53,122.25,90900,40.75
2013-04-23,121.13,121.85,120.00,120.92,161100,40.31
2013-04-22,120.49,121.52,118.54,120.75,258600,40.25
2013-04-19,119.07,120.63,117.87,120.00,206100,40.00
2013-04-18,120.50,120.80,116.90,119.17,206100,39.72
2013-04-17,119.98,120.71,118.71,120.00,242400,40.00
2013-04-16,119.48,120.97,117.21,120.47,159300,40.16
2013-04-15,121.75,122.29,118.12,118.45,213300,39.48
2013-04-12,122.65,123.34,122.30,122.51,124500,40.84
2013-04-11,123.10,124.27,122.41,122.72,105600,40.91
2013-04-10,121.74,123.88,121.74,122.90,311700,40.97
2013-04-09,123.39,124.06,121.04,121.21,149700,40.40
2013-04-08,122.65,123.62,120.87,123.42,127500,41.14
2013-04-05,120.89,122.20,120.89,121.96,107100,40.65
2013-04-04,122.44,123.49,120.90,122.72,215100,40.91
2013-04-03,123.49,124.00,121.58,121.94,190800,40.65
2013-04-02,125.18,127.06,123.50,123.88,189600,41.29
2013-04-01,127.16,127.74,124.13,124.60,141300,41.53
2013-03-28,125.67,127.78,124.41,126.92,138000,42.31
2013-03-27,125.32,125.93,124.12,125.78,95100,41.93
2013-03-26,124.61,125.87,123.82,125.65,222300,41.88
2013-03-25,123.97,124.91,123.11,123.71,198900,41.24
2013-03-22,125.69,125.93,123.12,124.00,248400,41.33
2013-03-21,125.67,126.84,125.05,125.08,95100,41.69
2013-03-20,125.87,126.14,124.45,126.02,108900,42.01
2013-03-19,125.28,125.78,123.49,124.90,162300,41.63
2013-03-18,124.49,127.12,124.30,125.45,171600,41.82
2013-03-15,124.35,125.68,123.24,125.55,509700,41.85
2013-03-14,122.07,124.18,121.76,124.05,234300,41.35
2013-03-13,122.05,123.70,121.80,122.30,216000,40.77
2013-03-12,123.50,124.13,122.17,122.63,199500,40.88
2013-03-11,125.05,125.50,121.61,124.10,242700,41.37
2013-03-08,123.99,125.41,122.55,124.97,220800,41.66
2013-03-07,121.87,123.32,121.81,123.17,140100,41.06
2013-03-06,122.34,122.92,121.34,122.31,228000,40.77
2013-03-05,121.32,122.00,119.90,121.71,179700,40.57
2013-03-04,119.26,120.94,117.17,120.48,309900,40.16
2013-03-01,116.50,119.99,116.16,119.29,192600,39.76
2013-02-28,117.47,117.99,116.01,116.93,177000,38.98
2013-02-27,115.72,117.92,115.48,117.26,163200,39.09
2013-02-26,119.64,119.64,115.43,115.62,450300,38.54
2013-02-25,119.90,120.25,118.60,119.00,432900,39.67
2013-02-22,119.44,120.30,118.18,119.76,232500,39.92
2013-02-21,118.46,119.24,117.83,118.79,211200,39.60
2013-02-20,116.95,120.47,116.50,118.02,611700,39.34
2013-02-19,116.37,117.98,116.31,117.36,262500,39.12
2013-02-15,117.50,117.76,115.30,116.51,344100,38.84
2013-02-14,113.10,120.00,113.10,118.07,553200,39.36
2013-02-13,110.96,112.09,109.74,112.02,199500,37.34
2013-02-12,110.52,110.75,109.34,110.43,476100,36.81
2013-02-11,110.45,111.38,110.22,110.84,69000,36.95
2013-02-08,110.03,111.25,109.77,110.73,193500,36.91
2013-02-07,110.77,111.12,109.43,110.17,135300,36.72
2013-02-06,109.69,111.25,109.31,111.14,231000,37.05
2013-02-05,108.51,111.60,107.48,110.29,246300,36.76
2013-02-04,108.00,109.10,105.96,108.33,355800,36.11
2013-02-01,106.94,109.32,106.62,108.79,265200,36.26
2013-01-31,106.06,107.97,105.21,106.95,237000,35.65
2013-01-30,107.63,108.06,105.71,106.06,202800,35.35
2013-01-29,106.12,108.09,105.54,108.07,248700,36.02
2013-01-28,105.00,106.12,104.38,105.97,381000,35.32
2013-01-25,104.93,106.36,104.20,105.17,206400,35.06
2013-01-24,103.33,105.13,103.33,104.58,127500,34.86
2013-01-23,103.84,104.81,102.93,103.43,244200,34.48
2013-01-22,102.80,103.75,102.14,103.70,289200,34.57
2013-01-18,103.49,104.78,102.74,103.11,187500,34.37
2013-01-17,104.22,104.43,102.81,103.51,150300,34.50
2013-01-16,103.93,105.10,103.16,104.39,210900,34.80
2013-01-15,101.76,104.13,101.06,103.90,419700,34.63
2013-01-14,103.24,103.62,101.03,101.93,310800,33.98
2013-01-11,103.62,104.38,103.06,103.38,134700,34.46
2013-01-10,103.68,103.94,102.85,103.81,269700,34.60
2013-01-09,104.38,104.38,102.83,103.57,433200,34.52
2013-01-08,104.77,104.77,103.07,103.87,521100,34.62
2013-01-07,104.31,105.09,104.02,104.78,265500,34.93
2013-01-04,105.65,105.65,104.19,105.00,233400,35.00
2013-01-03,105.86,106.21,103.88,105.22,348300,35.07
2013-01-02,109.02,110.00,103.57,106.32,430200,35.44
2012-12-31,104.31,107.01,103.17,106.86,273900,35.62
2012-12-28,102.97,105.97,102.75,104.55,145200,34.85
2012-12-27,102.85,103.85,102.53,103.60,126300,34.53
2012-12-26,104.19,104.43,101.80,103.27,204000,34.42
2012-12-24,104.33,104.90,100.56,104.33,81600,34.78
2012-12-21,102.25,104.65,101.65,104.64,578700,34.88
2012-12-20,100.19,103.93,99.94,103.29,207900,34.43
2012-12-19,101.17,102.10,100.04,100.41,289200,33.47
2012-12-18,100.25,101.47,100.20,101.03,226200,33.68
2012-12-17,98.41,100.92,98.20,100.92,190800,33.64
2012-12-14,97.51,98.84,97.03,98.30,183900,32.77
2012-12-13,101.09,101.53,97.46,98.35,179700,32.78
2012-12-12,104.51,105.00,100.68,101.13,385500,33.71
2012-12-11,101.54,105.36,101.54,105.36,323100,35.12
2012-12-10,100.13,101.99,99.78,101.79,181800,33.93
2012-12-07,100.00,100.56,99.46,100.31,148800,33.44
2012-12-06,98.82,99.99,97.91,99.61,121500,33.20
2012-12-05,98.89,99.57,97.52,99.17,234300,33.06
2012-12-04,99.48,99.80,98.20,98.87,335100,32.96
2012-12-03,99.47,99.85,98.61,99.56,223500,33.19
2012-11-30,99.35,99.35,97.73,98.82,464400,32.94
2012-11-29,96.93,99.00,94.95,98.96,226200,32.99
2012-11-28,94.97,97.45,94.00,96.65,324300,32.22
2012-11-27,96.31,96.67,94.77,94.97,155700,31.66
2012-11-26,96.99,97.67,95.98,96.45,342000,32.15
2012-11-23,96.72,97.21,96.43,96.94,82500,32.31
2012-11-21,97.64,97.64,95.83,96.61,165000,32.20
2012-11-20,97.51,97.51,96.11,97.33,211500,32.44
2012-11-19,97.51,101.57,97.02,98.21,247200,32.74
2012-11-16,97.19,98.42,94.36,97.85,523200,32.62
2012-11-15,93.74,97.50,91.91,97.50,568200,32.50
2012-11-14,97.01,97.16,93.41,94.00,133800,31.33
2012-11-13,95.05,97.50,93.52,97.08,311400,32.36
2012-11-12,92.67,96.78,91.89,95.18,453300,31.73
2012-11-09,96.56,98.78,96.03,96.65,259500,32.22
2012-11-08,99.22,100.47,96.09,97.07,194400,32.36
2012-11-07,102.00,102.00,98.01,99.18,186600,33.06
2012-11-06,104.02,104.66,102.59,103.25,141900,34.42
2012-11-05,101.48,104.34,100.72,103.51,166500,34.50
2012-11-02,105.01,105.90,100.79,101.59,403200,33.86
2012-11-01,104.92,105.98,103.41,104.98,385500,34.99
2012-10-31,101.48,105.24,101.48,104.65,464400,34.88
2012-10-26,100.77,101.23,99.76,100.26,174900,33.42
2012-10-25,101.03,101.42,99.91,101.16,88500,33.72
2012-10-24,100.05,101.40,97.77,100.31,287100,33.44
2012-10-23,99.38,101.00,97.26,99.96,183600,33.32
2012-10-22,101.64,101.64,98.68,99.92,117000,33.31
2012-10-19,102.85,103.55,100.50,101.55,210300,33.85
2012-10-18,104.45,105.79,103.10,103.30,112800,34.43
2012-10-17,104.83,105.32,104.49,104.81,101400,34.94
2012-10-16,106.26,106.85,104.57,104.94,106200,34.98
2012-10-15,101.87,105.70,101.87,105.56,302100,35.19
2012-10-12,102.38,102.38,99.70,101.53,122100,33.84
2012-10-11,102.58,103.74,102.07,102.56,69600,34.19
2012-10-10,101.85,102.26,100.95,102.11,105000,34.04
2012-10-09,103.01,103.48,101.29,101.57,126300,33.86
2012-10-08,103.53,103.55,101.25,103.22,159300,34.41
2012-10-05,104.43,105.91,103.60,103.71,137700,34.57
2012-10-04,104.30,104.45,102.20,104.34,148800,34.78
2012-10-03,103.36,104.97,102.11,104.23,311100,34.74
2012-10-02,105.78,105.99,103.33,103.52,213600,34.51
2012-10-01,104.66,106.47,102.70,105.21,399300,35.07
2012-09-28,105.22,106.18,103.59,104.43,261900,34.81
2012-09-27,105.19,106.13,103.69,105.85,228600,35.28
2012-09-26,103.54,104.76,103.27,104.52,420300,34.84
2012-09-25,103.04,105.47,102.49,103.02,432600,34.34
2012-09-24,100.91,102.76,100.79,102.67,254700,34.22
2012-09-21,101.89,103.03,100.93,101.30,370200,33.77
2012-09-20,101.75,102.24,100.01,101.00,214500,33.67
2012-09-19,102.56,103.14,101.75,102.55,364500,34.18
2012-09-18,102.45,102.98,100.96,102.66,257100,34.22
2012-09-17,99.87,102.33,99.72,102.25,155700,34.08
2012-09-14,100.97,102.98,99.20,100.34,474900,33.45
2012-09-13,102.03,102.99,100.70,100.90,683700,33.63
2012-09-12,102.55,102.99,101.10,102.46,202800,34.15
2012-09-11,102.45,102.89,101.38,102.61,255600,34.20
2012-09-10,102.00,102.19,100.98,102.00,327600,34.00
2012-09-07,103.04,103.04,100.35,101.95,166200,33.98
2012-09-06,102.24,103.87,101.28,103.14,284400,34.38
2012-09-05,101.08,102.48,100.20,101.95,264300,33.98
2012-09-04,100.80,102.77,100.36,101.72,354900,33.91
2012-08-31,100.72,100.80,99.72,100.35,150900,33.45
2012-08-30,100.44,100.52,99.79,99.99,120600,33.33
2012-08-29,100.35,101.00,99.71,100.65,271500,33.55
2012-08-28,99.58,100.58,99.58,99.98,189900,33.33
2012-08-27,99.68,100.40,98.57,99.80,279000,33.27
2012-08-24,97.37,99.75,96.43,99.46,266400,33.15
2012-08-23,96.73,98.13,96.56,97.89,225000,32.63
2012-08-22,97.73,98.09,95.86,97.14,198000,32.38
2012-08-21,100.24,101.24,96.70,97.50,274500,32.50
2012-08-20,100.11,100.60,99.43,100.19,181200,33.40
2012-08-17,98.77,100.27,98.17,100.23,172800,33.41
2012-08-16,98.75,99.05,97.37,99.02,207600,33.01
2012-08-15,97.84,99.46,97.84,99.12,262500,33.04
2012-08-14,97.23,99.24,95.72,98.16,533100,32.72
2012-08-13,95.12,96.82,94.59,96.53,325800,32.18
2012-08-10,94.90,95.96,94.67,95.00,190200,31.67
2012-08-09,96.11,96.11,94.09,94.93,250500,31.64
2012-08-08,95.75,97.45,95.75,96.44,153600,32.15
2012-08-07,95.08,98.96,95.08,96.48,416700,32.16
2012-08-06,97.76,98.95,93.96,94.82,356700,31.61
2012-08-03,99.51,101.64,97.24,97.87,493200,32.62
2012-08-02,90.98,100.71,89.88,99.91,1145100,33.30
2012-08-01,85.34,87.49,85.13,85.13,375900,28.38
2012-07-31,84.88,86.41,84.45,84.68,270000,28.23
2012-07-30,87.94,88.40,84.16,85.00,234300,28.33
2012-07-27,85.34,88.10,84.88,87.92,264900,29.31
2012-07-26,85.78,85.82,84.46,85.00,204000,28.33
2012-07-25,84.51,85.94,84.09,84.69,225900,28.23
2012-07-24,86.32,86.32,80.19,84.41,532800,28.14
2012-07-23,87.00,87.61,85.50,85.79,236100,28.60
2012-07-20,89.99,89.99,88.08,88.09,243000,29.36
2012-07-19,91.02,91.16,90.05,90.69,306600,30.23
2012-07-18,90.25,91.47,90.25,91.02,322800,30.34
2012-07-17,90.00,91.64,90.00,90.29,270000,30.10
2012-07-16,89.07,89.97,87.32,89.81,299400,29.94
2012-07-13,88.63,89.71,88.18,89.34,368700,29.78
2012-07-12,88.04,89.20,87.01,88.12,551400,29.37
2012-07-11,88.65,89.85,88.12,89.00,386400,29.67
2012-07-10,89.14,89.23,88.36,88.54,261300,29.51
2012-07-09,88.46,89.40,88.33,89.02,239700,29.67
2012-07-06,87.97,88.98,87.97,88.85,134100,29.62
2012-07-05,88.95,89.64,88.08,88.96,138300,29.65
2012-07-03,89.07,89.27,88.58,88.88,189300,29.63
2012-07-02,91.05,91.05,88.58,89.17,712800,29.72
2012-06-29,88.58,91.36,86.19,91.26,719400,30.42
2012-06-28,85.22,87.09,84.98,87.02,277500,29.01
2012-06-27,84.63,85.91,84.05,85.91,342300,28.64
2012-06-26,84.27,85.97,84.27,84.68,597600,28.23
2012-06-25,82.71,84.39,82.00,84.23,350400,28.08
2012-06-22,84.95,85.16,82.63,83.46,709500,27.82
2012-06-21,84.26,84.86,83.30,84.11,854700,28.04
2012-06-20,84.00,84.88,83.56,84.52,771900,28.17
2012-06-19,79.82,84.15,79.47,84.03,981900,28.01
2012-06-18,76.11,80.20,75.90,79.84,836400,26.61
2012-06-15,72.35,77.11,72.24,76.35,943200,25.45
2012-06-14,71.08,72.94,70.88,72.93,317100,24.31
2012-06-13,71.10,72.67,70.94,71.94,264900,23.98
2012-06-12,71.57,71.57,70.40,71.40,234000,23.80
2012-06-11,73.85,73.99,70.92,70.97,289500,23.66
2012-06-08,71.18,73.16,70.78,72.88,267000,24.29
2012-06-07,70.94,73.00,70.72,71.41,366900,23.80
2012-06-06,68.82,70.29,68.66,70.20,201600,23.40
2012-06-05,66.88,68.90,66.88,68.44,440100,22.81
2012-06-04,68.00,68.24,67.05,67.19,359100,22.40
2012-06-01,67.79,68.46,67.26,67.77,298800,22.59
2012-05-31,68.93,69.63,68.01,69.11,400200,23.04
2012-05-30,69.48,69.80,68.72,68.99,249900,23.00
2012-05-29,69.54,70.21,69.16,69.98,303300,23.33
2012-05-25,69.04,70.18,68.91,69.24,256800,23.08
2012-05-24,71.08,71.87,68.94,69.20,324600,23.07
2012-05-23,70.10,70.84,68.88,70.77,327000,23.59
2012-05-22,70.62,73.67,70.31,70.99,441000,23.66
2012-05-21,70.25,70.89,68.02,70.76,708000,23.59
2012-05-18,69.91,70.60,69.34,70.25,489000,23.42
2012-05-17,69.79,70.60,69.67,70.03,369600,23.34
2012-05-16,70.65,70.96,69.68,69.85,252900,23.28
2012-05-15,69.78,71.45,69.52,70.48,321000,23.49
2012-05-14,70.01,70.53,69.57,69.64,234900,23.21
2012-05-11,70.49,71.16,70.27,70.74,192600,23.58
2012-05-10,73.35,73.35,71.08,71.31,423000,23.77
2012-05-09,72.82,74.97,71.82,73.00,570000,24.33
2012-05-08,67.46,74.15,67.46,73.48,871200,24.49
2012-05-07,66.15,66.87,65.32,66.66,348000,22.22
2012-05-04,66.82,66.90,64.90,66.50,282600,22.17
2012-05-03,66.73,67.66,65.83,66.94,376500,22.31
2012-05-02,67.40,67.48,66.03,66.87,216900,22.29
2012-05-01,68.72,68.83,67.70,67.73,243000,22.58
2012-04-30,68.67,68.95,68.00,68.82,354000,22.94
2012-04-27,67.45,69.00,66.86,68.88,241200,22.96
2012-04-26,67.08,67.87,67.05,67.39,151500,22.46
2012-04-25,67.59,67.60,66.29,67.15,288000,22.38
2012-04-24,66.37,67.39,66.00,66.76,226500,22.25
2012-04-23,66.40,66.81,65.81,66.50,138600,22.17
2012-04-20,68.69,68.69,67.29,67.47,224100,22.49
2012-04-19,67.89,67.91,66.29,66.87,158400,22.29
2012-04-18,68.68,68.68,67.36,67.86,146700,22.62
2012-04-17,68.52,69.46,68.41,68.89,212400,22.96
2012-04-16,67.92,68.39,66.83,67.96,219000,22.65
2012-04-13,68.01,68.80,67.70,67.72,215400,22.57
2012-04-12,68.17,68.56,68.16,68.35,286500,22.78
2012-04-11,68.69,68.92,67.82,68.24,257100,22.75
2012-04-10,68.87,69.07,67.36,67.84,459300,22.61
2012-04-09,69.18,69.42,68.31,68.90,162000,22.97
2012-04-05,70.36,70.36,69.63,70.01,369900,23.34
2012-04-04,70.67,71.47,69.59,70.22,329100,23.41
2012-04-03,72.16,72.23,70.98,71.53,216600,23.84
2012-04-02,71.41,72.69,71.41,72.42,288000,24.14
2012-03-30,72.58,72.66,70.68,71.72,415500,23.91
2012-03-29,72.46,73.04,71.55,71.99,267300,24.00
2012-03-28,73.51,73.51,71.49,72.70,367500,24.23
2012-03-27,73.34,74.08,73.10,73.11,461100,24.37
2012-03-26,71.09,73.40,70.43,73.17,498900,24.39
2012-03-23,70.33,71.09,69.70,70.30,274500,23.43
2012-03-22,69.50,70.34,69.41,70.04,316800,23.35
2012-03-21,70.85,71.44,70.00,70.07,429300,23.36
2012-03-20,70.00,71.38,69.56,70.80,367200,23.60
2012-03-19,70.31,71.45,70.31,70.48,300600,23.49
2012-03-16,70.31,70.90,69.77,70.60,486000,23.53
2012-03-15,69.61,70.62,69.12,70.11,409500,23.37
2012-03-14,69.20,69.91,69.02,69.46,465300,23.15
2012-03-13,68.67,69.40,67.91,69.07,398100,23.02
2012-03-12,68.20,68.59,67.96,68.11,418200,22.70
2012-03-09,68.35,68.35,67.93,67.99,498900,22.66
2012-03-08,68.75,68.94,68.01,68.12,214800,22.71
2012-03-07,69.09,69.24,68.33,68.51,243300,22.84
2012-03-06,68.50,69.25,68.29,69.00,238200,23.00
2012-03-05,68.43,69.75,68.43,69.19,232800,23.06
2012-03-02,69.33,69.88,68.08,68.52,379200,22.84
2012-03-01,69.67,70.46,68.98,69.50,360000,23.17
2012-02-29,70.12,70.86,69.66,69.73,316500,23.24
2012-02-28,70.02,70.53,69.31,69.77,205500,23.26
2012-02-27,68.54,70.31,68.54,70.13,273000,23.38
2012-02-24,69.13,69.74,68.89,69.33,335400,23.11
2012-02-23,68.99,69.61,68.47,69.03,296700,23.01
2012-02-22,69.28,69.28,68.03,68.87,455700,22.96
2012-02-21,69.66,70.58,68.96,69.34,347100,23.11
2012-02-17,70.67,70.67,68.55,69.64,495900,23.21
2012-02-16,68.40,70.68,68.40,70.58,219900,23.53
2012-02-15,69.26,69.63,68.00,68.40,330000,22.80
2012-02-14,70.22,70.28,68.38,69.08,249000,23.03
2012-02-13,70.58,70.96,70.10,70.45,196200,23.48
2012-02-10,70.35,70.87,69.77,70.03,262800,23.34
2012-02-09,71.03,71.35,70.67,70.97,324000,23.66
2012-02-08,71.03,71.37,70.30,70.88,276000,23.63
2012-02-07,69.78,71.15,69.75,70.87,271800,23.62
2012-02-06,69.20,70.13,69.20,70.09,185700,23.36
2012-02-03,68.63,70.10,68.44,69.77,354000,23.26
2012-02-02,67.46,67.46,66.66,67.28,301800,22.43
2012-02-01,65.83,67.44,64.88,67.03,632700,22.34
2012-01-31,66.11,66.11,64.94,64.95,392100,21.65
2012-01-30,66.01,66.47,65.05,65.51,311700,21.84
2012-01-27,66.14,67.86,66.14,66.70,229200,22.23
2012-01-26,67.00,67.40,66.28,66.54,385200,22.18
2012-01-25,67.25,67.25,66.56,66.80,519300,22.27
2012-01-24,66.89,67.66,66.71,67.39,297900,22.46
2012-01-23,67.60,68.16,66.83,67.11,306900,22.37
2012-01-20,67.79,68.33,66.57,67.78,452100,22.59
2012-01-19,66.88,68.14,66.62,67.71,323700,22.57
2012-01-18,66.02,66.80,65.92,66.42,800700,22.14
2012-01-17,65.85,66.92,65.70,66.07,468000,22.02
2012-01-13,64.45,65.66,64.45,65.37,236400,21.79
2012-01-12,65.38,67.36,64.35,65.12,285000,21.71
2012-01-11,63.60,64.90,62.93,64.71,397500,21.57
2012-01-10,61.30,64.14,61.05,64.11,628200,21.37
2012-01-09,63.85,64.00,60.12,60.62,1028700,20.21
2012-01-06,66.04,66.27,63.52,63.56,766800,21.19
2012-01-05,66.30,66.58,64.50,66.20,444300,22.07
2012-01-04,67.99,68.27,65.76,66.90,726300,22.30
2012-01-03,68.96,69.97,66.35,68.59,286800,22.86
2011-12-30,68.04,70.48,67.45,67.52,260100,22.51
2011-12-29,67.04,68.57,65.08,68.08,247200,22.69
2011-12-28,66.81,66.93,65.96,66.25,223200,22.08
2011-12-27,66.95,67.62,66.22,67.06,150900,22.35
2011-12-23,66.94,67.32,66.20,67.14,104400,22.38
2011-12-22,65.42,66.75,65.07,66.58,149700,22.19
2011-12-21,64.71,65.37,64.08,65.20,203400,21.73
2011-12-20,64.90,66.00,64.43,64.98,297900,21.66
2011-12-19,64.24,64.84,63.25,63.45,231000,21.15
2011-12-16,65.53,65.53,63.91,64.39,539400,21.46
2011-12-15,66.84,68.52,64.53,64.87,286200,21.62
2011-12-14,66.09,67.03,65.23,65.66,321900,21.89
2011-12-13,68.66,69.37,66.25,66.78,148200,22.26
2011-12-12,68.41,69.05,67.07,68.20,237300,22.73
2011-12-09,68.20,69.72,68.20,69.32,214800,23.11
2011-12-08,68.64,69.33,67.47,67.77,141600,22.59
2011-12-07,68.81,69.77,68.02,69.52,228000,23.17
2011-12-06,69.92,70.39,69.14,69.59,255300,23.20
2011-12-05,69.11,70.68,67.59,69.93,262500,23.31
2011-12-02,69.09,69.88,67.49,67.81,178200,22.60
2011-12-01,69.07,70.52,68.08,68.12,206100,22.71
2011-11-30,68.35,69.37,67.01,69.37,466800,23.12
2011-11-29,66.36,66.77,65.09,65.48,201000,21.83
2011-11-28,66.49,66.49,64.94,66.29,246300,22.10
2011-11-25,64.61,66.04,64.13,64.13,71400,21.38
2011-11-23,66.44,66.56,64.81,64.99,192000,21.66
2011-11-22,68.48,68.79,67.16,67.24,136500,22.41
2011-11-21,69.30,69.71,68.02,68.36,194700,22.79
2011-11-18,69.95,70.81,69.31,70.60,128700,23.53
2011-11-17,70.99,71.34,69.51,69.93,155100,23.31
2011-11-16,72.41,72.77,70.78,70.81,188100,23.60
2011-11-15,71.19,73.55,71.03,73.25,127500,24.42
2011-11-14,72.86,72.86,71.36,71.66,176400,23.89
2011-11-11,72.06,73.56,71.98,73.18,178500,24.39
2011-11-10,71.01,71.35,70.10,71.01,227400,23.67
2011-11-09,71.82,72.50,69.60,69.72,310500,23.24
2011-11-08,72.67,73.63,72.05,73.25,358800,24.42
2011-11-07,72.75,73.10,71.04,72.18,191400,24.06
2011-11-04,71.59,73.25,70.82,72.60,330900,24.20
2011-11-03,71.07,72.94,68.90,72.51,282300,24.17
2011-11-02,68.81,71.31,68.81,70.77,311700,23.59
2011-11-01,66.80,69.36,66.71,67.71,367200,22.57
2011-10-31,69.93,71.08,69.38,70.14,346500,23.38
2011-10-28,70.31,71.74,67.39,71.01,557400,23.67
2011-10-27,69.98,72.82,69.00,70.59,549600,23.53
2011-10-26,66.77,68.12,65.71,67.57,210900,22.52
2011-10-25,67.59,67.59,65.26,65.69,217200,21.90
2011-10-24,66.23,68.93,65.81,68.14,207000,22.71
2011-10-21,64.84,66.10,63.78,65.98,237900,21.99
2011-10-20,63.82,63.84,62.12,63.59,261900,21.20
2011-10-19,65.27,65.69,63.38,63.71,150600,21.24
2011-10-18,64.87,65.98,63.01,65.54,321300,21.85
2011-10-17,65.50,65.60,63.37,63.65,227700,21.22
2011-10-14,65.84,66.99,65.39,65.94,345600,21.98
2011-10-13,66.13,66.42,64.73,65.58,214800,21.86
2011-10-12,67.55,68.09,66.36,66.65,382200,22.22
2011-10-11,67.58,69.99,66.25,67.00,243000,22.33
2011-10-10,65.68,68.33,65.52,68.17,290700,22.72
2011-10-07,67.17,67.59,64.13,64.24,384300,21.41
2011-10-06,64.32,66.40,63.65,66.37,373500,22.12
2011-10-05,65.01,65.01,63.36,64.18,374400,21.39
2011-10-04,58.75,65.01,58.29,64.91,503400,21.64
2011-10-03,61.45,62.58,59.40,59.41,524100,19.80
2011-09-30,62.50,63.64,62.00,62.22,351900,20.74
2011-09-29,63.42,64.35,62.00,63.67,423600,21.22
2011-09-28,62.12,63.68,61.20,62.01,711300,20.67
2011-09-27,61.50,63.55,60.60,62.20,729300,20.73
2011-09-26,60.31,60.66,58.79,60.53,472200,20.18
2011-09-23,58.00,59.90,56.79,59.57,1432800,19.86
2011-09-22,57.85,59.28,56.76,58.17,1655100,19.39
2011-09-21,62.18,63.77,59.41,59.61,1065900,19.87
2011-09-20,65.51,65.73,61.34,62.12,1295100,20.71
2011-09-19,66.67,67.35,65.09,65.37,305100,21.79
2011-09-16,67.23,68.10,66.27,68.08,497100,22.69
2011-09-15,68.25,68.65,66.00,66.63,422700,22.21
2011-09-14,67.78,68.28,66.23,67.42,288900,22.47
2011-09-13,67.28,68.17,65.95,67.09,256500,22.36
2011-09-12,66.11,67.70,66.00,67.11,166200,22.37
2011-09-09,68.84,69.38,66.76,67.44,294000,22.48
2011-09-08,71.28,71.70,69.04,69.58,149700,23.19
2011-09-07,71.20,71.93,70.25,71.86,402300,23.95
2011-09-06,67.54,70.26,67.01,69.39,426000,23.13
2011-09-02,68.83,70.67,68.71,69.20,414300,23.07
2011-09-01,73.06,73.34,70.07,70.40,433200,23.47
2011-08-31,74.30,74.39,70.91,73.13,592800,24.38
2011-08-30,74.29,74.51,72.48,73.97,137700,24.66
2011-08-29,74.31,75.23,71.88,74.73,174900,24.91
2011-08-26,70.80,73.47,69.38,72.63,192300,24.21
2011-08-25,74.23,74.56,70.28,71.26,217500,23.75
2011-08-24,71.74,73.78,70.18,73.49,159600,24.50
2011-08-23,68.77,71.85,68.32,71.73,601800,23.91
2011-08-22,69.88,69.88,67.62,68.38,192600,22.79
2011-08-19,67.58,70.00,67.06,67.68,268800,22.56
2011-08-18,71.02,71.43,68.55,69.16,339300,23.05
2011-08-17,73.22,74.15,72.06,73.57,150900,24.52
2011-08-16,74.06,75.05,71.79,72.48,237300,24.16
2011-08-15,72.70,75.20,72.70,75.06,252900,25.02
2011-08-12,73.44,73.44,71.18,71.94,247200,23.98
2011-08-11,67.37,73.94,66.11,72.70,662100,24.23
2011-08-10,70.00,70.09,66.76,66.88,366900,22.29
2011-08-09,68.94,72.63,65.78,72.02,954300,24.01
2011-08-08,73.00,73.54,66.76,67.16,698400,22.39
2011-08-05,76.28,76.63,72.34,75.04,304500,25.01
2011-08-04,78.66,80.25,75.36,75.48,270900,25.16
2011-08-03,79.22,80.56,77.65,79.83,141300,26.61
2011-08-02,81.19,81.60,78.57,79.22,783300,26.41
2011-08-01,81.92,82.24,79.95,82.03,329700,27.34
2011-07-29,78.28,82.00,77.67,80.93,597000,26.98
2011-07-28,79.00,80.20,78.48,79.65,255300,26.55
2011-07-27,80.00,80.58,79.08,79.19,307200,26.40
2011-07-26,80.83,81.44,79.76,80.20,275700,26.73
2011-07-25,81.82,82.89,80.65,80.97,175500,26.99
2011-07-22,83.37,83.75,81.53,82.81,156000,27.60
2011-07-21,81.79,83.75,80.83,83.67,208200,27.89
2011-07-20,81.41,82.16,81.00,81.42,157500,27.14
2011-07-19,79.43,81.48,78.82,81.26,264000,27.09
2011-07-18,79.18,79.25,77.53,78.79,154800,26.26
2011-07-15,79.36,80.49,78.77,79.67,233100,26.56
2011-07-14,82.29,82.90,78.10,79.13,533400,26.38
2011-07-13,81.72,83.78,80.44,82.25,204000,27.42
2011-07-12,81.81,82.92,81.31,81.31,187200,27.10
2011-07-11,84.18,84.55,81.70,82.37,338700,27.46
2011-07-08,87.51,88.21,85.08,85.15,319800,28.38
2011-07-07,88.02,89.67,88.02,88.77,155400,29.59
2011-07-06,86.78,88.11,86.04,87.40,223200,29.13
2011-07-05,86.07,88.49,86.07,86.95,349500,28.98
2011-07-01,84.87,86.68,84.27,86.07,237000,28.69
2011-06-30,84.20,84.95,83.69,84.79,168000,28.26
2011-06-29,84.37,84.40,83.52,84.32,159900,28.11
2011-06-28,83.30,83.89,82.52,83.85,307200,27.95
2011-06-27,84.71,85.34,82.93,83.21,356400,27.74
2011-06-24,84.95,85.12,83.15,85.00,687900,28.33
2011-06-23,83.20,84.87,82.56,84.65,249900,28.22
2011-06-22,85.08,85.84,84.01,84.15,193200,28.05
2011-06-21,85.03,86.31,83.86,85.71,271500,28.57
2011-06-20,80.78,84.56,80.18,84.52,309900,28.17
2011-06-17,80.76,81.95,80.09,80.78,340500,26.93
2011-06-16,78.76,80.28,78.14,80.20,225900,26.73
2011-06-15,78.96,79.59,78.52,78.76,341100,26.25
2011-06-14,79.02,80.34,78.53,79.92,129600,26.64
2011-06-13,78.13,79.20,77.84,78.13,109200,26.04
2011-06-10,79.16,79.56,77.64,78.48,277500,26.16
2011-06-09,80.16,80.84,79.36,79.69,208200,26.56
2011-06-08,79.89,81.02,79.20,79.92,205500,26.64
2011-06-07,81.67,81.67,80.17,80.40,201300,26.80
2011-06-06,82.13,82.54,80.77,81.36,284100,27.12
2011-06-03,82.50,83.89,81.92,82.70,165000,27.57
2011-06-02,84.80,84.92,83.53,83.96,108600,27.99
2011-06-01,86.34,86.34,84.37,84.81,288000,28.27
2011-05-31,85.48,86.62,84.66,86.62,289500,28.87
2011-05-27,84.52,85.75,84.31,84.54,118800,28.18
2011-05-26,83.17,84.29,82.73,84.29,110400,28.10
2011-05-25,82.55,84.20,82.41,83.67,127200,27.89
2011-05-24,82.64,83.47,81.29,83.01,260700,27.67
2011-05-23,82.34,82.90,81.78,82.46,196800,27.49
2011-05-20,83.41,85.94,82.96,84.00,344100,28.00
2011-05-19,82.47,84.40,81.54,84.01,221400,28.00
2011-05-18,81.45,82.25,81.02,81.97,120900,27.32
2011-05-17,80.95,82.02,80.00,81.39,218100,27.13
2011-05-16,82.59,82.59,81.28,81.41,258900,27.14
2011-05-13,85.13,85.59,82.81,83.03,96000,27.68
2011-05-12,84.03,85.64,83.47,85.38,216000,28.46
2011-05-11,85.38,85.96,83.52,84.40,255000,28.13
2011-05-10,85.31,86.24,84.93,85.78,163200,28.59
2011-05-09,85.20,85.69,84.35,84.90,162000,28.30
2011-05-06,84.49,85.80,84.20,85.51,294000,28.50
2011-05-05,85.32,85.76,82.54,83.34,419100,27.78
2011-05-04,87.47,87.50,84.16,85.37,300300,28.46
2011-05-03,88.56,89.51,87.00,87.50,225000,29.17
2011-05-02,90.94,90.95,88.54,88.91,378000,29.64
2011-04-29,87.49,90.58,86.89,90.26,501000,30.09
2011-04-28,84.80,87.78,84.80,87.50,456000,29.17
2011-04-27,85.00,85.28,83.54,85.17,318000,28.39
2011-04-26,83.70,85.24,82.97,84.80,376800,28.27
2011-04-25,82.93,83.88,82.75,83.28,160800,27.76
2011-04-21,84.15,84.39,82.80,83.50,117000,27.83
2011-04-20,83.34,83.91,83.04,83.61,108900,27.87
2011-04-19,83.01,83.19,81.61,82.29,160500,27.43
2011-04-18,82.36,82.90,81.14,82.87,207900,27.62
2011-04-15,81.41,84.06,81.41,83.93,200700,27.98
2011-04-14,80.20,81.71,79.63,81.71,227700,27.24
2011-04-13,81.85,82.21,80.36,81.04,140100,27.01
2011-04-12,81.69,82.38,81.47,81.47,155100,27.16
2011-04-11,82.90,83.08,82.00,82.44,101700,27.48
2011-04-08,85.29,85.29,81.82,82.51,180300,27.50
2011-04-07,85.56,85.89,84.67,84.68,130200,28.23
2011-04-06,85.79,86.03,85.35,85.71,162300,28.57
2011-04-05,85.71,85.82,84.57,85.58,136800,28.53
2011-04-04,85.90,86.04,85.00,85.71,146700,28.57
2011-04-01,85.57,86.73,85.24,85.83,226200,28.61
2011-03-31,83.99,85.18,83.83,85.13,307200,28.38
2011-03-30,82.12,84.41,82.06,84.40,256500,28.13
2011-03-29,81.78,82.31,80.01,81.90,339300,27.30
2011-03-28,83.99,84.31,81.76,81.96,375900,27.32
2011-03-25,82.53,84.55,82.21,83.81,208200,27.94
2011-03-24,82.45,83.08,81.33,82.27,140100,27.42
2011-03-23,80.92,82.48,79.79,82.04,219600,27.35
2011-03-22,83.00,83.00,81.26,81.27,93300,27.09
2011-03-21,82.05,83.00,82.05,83.00,199800,27.67
2011-03-18,80.58,81.53,79.52,81.50,313800,27.17
2011-03-17,80.34,80.72,79.28,79.72,433200,26.57
2011-03-16,79.42,80.75,79.00,79.22,308400,26.41
2011-03-15,79.03,80.80,79.03,79.78,310500,26.59
2011-03-14,80.65,81.77,80.13,80.86,171300,26.95
2011-03-11,80.29,82.05,78.31,81.80,227400,27.27
2011-03-10,83.19,83.19,80.84,81.00,255300,27.00
2011-03-09,83.81,84.94,83.76,84.54,400200,28.18
2011-03-08,83.45,84.90,83.12,83.91,350100,27.97
2011-03-07,84.70,85.00,82.63,83.45,320100,27.82
2011-03-04,84.47,84.70,83.61,84.70,390000,28.23
2011-03-03,82.25,84.50,82.25,84.50,376500,28.17
2011-03-02,81.70,82.66,80.53,81.94,293400,27.31
2011-03-01,83.35,83.61,81.21,81.27,390000,27.09
2011-02-28,85.00,85.00,82.94,83.35,426000,27.78
2011-02-25,83.36,85.00,82.77,85.00,804600,28.33
2011-02-24,81.84,83.15,79.88,83.01,393300,27.67
2011-02-23,82.91,83.90,81.50,81.76,325200,27.25
2011-02-22,84.00,85.83,82.69,83.07,342600,27.69
2011-02-18,85.56,86.00,84.50,85.07,820200,28.36
2011-02-17,84.88,86.89,84.88,86.42,821400,28.81
2011-02-16,82.48,86.53,81.65,84.59,1321800,28.20
2011-02-15,79.30,79.86,78.27,79.10,565800,26.37
2011-02-14,78.68,79.84,78.68,79.58,683100,26.53
2011-02-11,76.66,79.23,76.40,78.87,404100,26.29
2011-02-10,75.54,77.60,75.54,77.14,381300,25.71
2011-02-09,76.31,76.98,75.84,76.14,283500,25.38
2011-02-08,76.55,77.29,76.34,76.64,150300,25.55
2011-02-07,74.43,76.88,74.43,76.36,184800,25.45
2011-02-04,74.11,74.52,73.73,74.20,198900,24.73
2011-02-03,73.73,74.73,73.73,74.29,150900,24.76
2011-02-02,73.30,74.40,73.29,73.88,165900,24.63
2011-02-01,72.71,74.35,72.25,73.64,237900,24.55
2011-01-31,71.93,72.91,71.03,72.14,151500,24.05
2011-01-28,72.56,72.82,71.59,71.70,242100,23.90
2011-01-27,74.00,74.00,72.03,72.82,335100,24.27
2011-01-26,70.87,75.07,70.87,73.93,399600,24.64
2011-01-25,69.40,70.98,68.29,70.82,252000,23.61
2011-01-24,72.40,72.40,69.70,69.85,430500,23.28
2011-01-21,73.38,73.38,72.25,72.29,114900,24.10
2011-01-20,73.49,74.53,72.66,72.87,159300,24.29
2011-01-19,75.40,75.54,73.60,73.94,200400,24.65
2011-01-18,74.92,75.68,74.00,75.59,226800,25.20
2011-01-14,75.50,75.92,75.24,75.50,187200,25.17
2011-01-13,75.88,76.09,75.20,75.54,93600,25.18
2011-01-12,75.79,76.10,72.00,76.00,133800,25.33
2011-01-11,74.84,75.18,74.59,74.97,181500,24.99
2011-01-10,73.99,74.99,73.12,74.61,181200,24.87
2011-01-07,75.96,76.05,73.78,74.59,111300,24.86
2011-01-06,76.00,76.25,75.13,75.67,185700,25.22
2011-01-05,75.55,76.15,75.09,75.85,213300,25.28
2011-01-04,76.27,76.70,74.06,75.57,417600,25.19
2011-01-03,76.19,76.74,74.17,75.79,385800,25.26
2010-12-31,76.23,76.44,74.87,75.20,306300,25.07
2010-12-30,76.56,77.01,76.51,76.65,205800,25.55
2010-12-29,77.29,77.41,76.53,76.73,191100,25.58
2010-12-28,78.00,78.00,76.64,77.28,127200,25.76
2010-12-27,76.89,77.97,76.71,77.84,132000,25.95
2010-12-23,76.00,77.05,75.84,76.93,252300,25.64
2010-12-22,77.26,77.47,75.93,76.10,372900,25.37
2010-12-21,76.48,77.22,75.55,77.13,404100,25.71
2010-12-20,76.93,76.96,75.62,75.96,394500,25.32
2010-12-17,74.39,76.80,73.81,76.70,1350000,25.57
2010-12-16,71.99,74.24,71.99,74.20,285000,24.73
2010-12-15,71.89,73.27,71.11,71.89,368100,23.96
2010-12-14,72.01,72.88,71.01,72.22,390900,24.07
2010-12-13,71.00,72.13,70.26,71.60,299100,23.87
2010-12-10,69.62,71.00,69.04,70.99,238800,23.66
2010-12-09,69.70,70.22,69.39,69.68,236100,23.23
2010-12-08,68.04,69.50,68.02,69.25,287700,23.08
2010-12-07,67.00,68.25,66.90,67.67,222300,22.56
2010-12-06,66.07,66.73,65.91,66.61,207000,22.20
2010-12-03,65.27,66.59,65.27,66.35,207300,22.12
2010-12-02,66.07,66.96,65.00,65.81,416100,21.94
2010-12-01,64.05,66.87,64.05,65.85,250500,21.95
2010-11-30,63.16,64.15,63.15,63.37,345600,21.12
2010-11-29,64.61,64.72,62.98,64.02,243900,21.34
2010-11-26,65.19,65.65,64.51,65.15,91200,21.72
2010-11-24,64.43,66.31,63.88,65.76,122700,21.92
2010-11-23,64.05,64.85,63.50,63.95,207900,21.32
2010-11-22,64.80,65.03,64.05,64.50,199200,21.50
2010-11-19,64.79,65.39,64.49,64.94,208200,21.65
2010-11-18,66.46,66.46,64.87,65.15,199500,21.72
2010-11-17,66.57,66.57,64.64,65.44,211200,21.81
2010-11-16,67.06,67.31,66.13,66.35,198300,22.12
2010-11-15,67.69,68.55,66.79,67.31,130800,22.44
2010-11-12,66.80,68.00,66.80,67.45,351900,22.48
2010-11-11,67.12,67.79,66.93,67.51,131100,22.50
2010-11-10,65.88,67.95,64.80,67.95,318300,22.65
2010-11-09,68.18,68.18,65.00,65.54,216000,21.85
2010-11-08,68.12,68.71,67.25,67.90,119100,22.63
2010-11-05,69.78,70.48,68.07,68.58,225000,22.86
2010-11-04,68.50,69.80,67.91,69.78,363000,23.26
2010-11-03,66.80,67.38,66.34,67.38,96600,22.46
2010-11-02,67.17,67.81,66.54,66.75,204300,22.25
2010-11-01,67.30,67.93,65.92,66.32,187800,22.11
2010-10-29,66.40,67.31,66.21,67.05,202500,22.35
2010-10-28,66.70,67.92,65.61,66.69,684000,22.23
2010-10-27,64.80,66.05,63.85,64.43,604200,21.48
2010-10-26,66.86,67.31,64.70,65.26,455700,21.75
2010-10-25,67.20,67.88,66.95,67.39,333000,22.46
2010-10-22,65.58,67.45,65.52,66.98,198300,22.33
2010-10-21,65.84,66.30,64.52,65.53,192900,21.84
2010-10-20,65.17,65.98,65.17,65.45,212700,21.82
2010-10-19,66.33,66.91,64.49,64.97,236400,21.66
2010-10-18,67.50,67.73,67.00,67.30,198000,22.43
2010-10-15,67.75,67.87,66.76,67.49,623100,22.50
2010-10-14,65.84,67.10,65.50,67.04,247800,22.35
2010-10-13,64.36,66.84,64.36,66.02,243000,22.01
2010-10-12,63.81,64.31,63.10,64.16,111300,21.39
2010-10-11,64.74,65.41,64.10,64.10,81900,21.37
2010-10-08,64.71,65.01,63.79,64.77,132000,21.59
2010-10-07,66.00,66.25,64.67,64.70,156000,21.57
2010-10-06,64.85,65.52,64.34,65.44,160800,21.81
2010-10-05,63.74,65.68,63.18,65.05,252900,21.68
2010-10-04,63.02,64.02,62.31,63.30,162000,21.10
2010-10-01,65.44,65.93,63.10,63.30,355800,21.10
2010-09-30,66.63,67.29,64.26,64.66,251700,21.55
2010-09-29,65.05,66.49,64.85,65.97,109500,21.99
2010-09-28,64.12,65.60,63.21,65.45,486900,21.82
2010-09-27,67.65,67.65,63.78,64.05,324900,21.35
2010-09-24,65.32,67.63,64.86,67.44,153900,22.48
2010-09-23,66.23,66.90,64.68,64.81,159000,21.60
2010-09-22,67.04,67.64,65.58,66.81,133800,22.27
2010-09-21,68.00,68.30,67.35,67.53,219000,22.51
2010-09-20,67.61,68.20,67.61,68.00,516600,22.67
2010-09-17,68.00,68.17,67.35,67.52,323700,22.51
2010-09-16,67.77,68.25,67.14,67.59,219300,22.53
2010-09-15,68.20,68.31,67.28,68.01,281400,22.67
2010-09-14,69.16,69.52,68.57,68.61,156900,22.87
2010-09-13,69.55,69.69,68.16,69.44,368700,23.15
2010-09-10,68.10,69.16,68.10,68.95,179700,22.98
2010-09-09,69.12,69.42,67.51,67.95,115500,22.65
2010-09-08,67.72,69.11,67.71,68.98,262200,22.99
2010-09-07,69.45,69.47,67.12,67.33,171000,22.44
2010-09-03,68.71,69.89,68.71,69.75,187800,23.25
2010-09-02,66.40,68.47,66.40,68.16,254100,22.72
2010-09-01,64.82,67.00,63.19,66.91,457800,22.30
2010-08-31,63.01,63.95,62.75,63.70,402000,21.23
2010-08-30,63.41,63.86,63.20,63.25,402300,21.08
2010-08-27,63.41,63.55,62.45,63.51,402300,21.17
2010-08-26,64.01,64.01,62.54,62.88,336600,20.96
2010-08-25,63.49,64.10,63.11,63.45,519900,21.15
2010-08-24,64.77,65.42,63.79,63.82,602100,21.27
2010-08-23,65.49,66.06,65.08,65.51,314100,21.84
2010-08-20,64.77,65.09,63.72,64.93,215700,21.64
2010-08-19,65.27,65.60,64.62,65.00,709200,21.67
2010-08-18,66.25,66.53,64.98,65.72,171000,21.91
2010-08-17,66.22,66.82,64.37,66.30,478200,22.10
2010-08-16,64.22,65.59,63.86,65.35,357000,21.78
2010-08-13,64.32,65.34,63.50,64.54,271800,21.51
2010-08-12,64.02,65.16,63.03,64.73,421800,21.58
2010-08-11,67.03,67.23,64.09,64.43,333900,21.48
2010-08-10,69.03,69.29,67.73,67.83,200100,22.61
2010-08-09,69.15,69.99,68.25,69.89,184800,23.30
2010-08-06,69.01,69.30,67.34,68.50,239100,22.83
2010-08-05,69.44,70.29,69.22,69.38,297600,23.13
2010-08-04,70.31,70.78,69.05,69.97,312000,23.32
2010-08-03,70.07,71.98,70.03,71.10,951600,23.70
2010-08-02,70.94,71.61,70.52,71.00,528000,23.67
2010-07-30,66.64,70.98,66.09,69.68,2057700,23.23
2010-07-29,67.42,67.85,65.23,67.04,467100,22.35
2010-07-28,67.92,69.00,66.39,67.08,293400,22.36
2010-07-27,66.99,68.59,66.68,68.50,493800,22.83
2010-07-26,62.98,66.75,62.08,66.71,435000,22.24
2010-07-23,61.02,62.99,60.35,62.61,446400,20.87
2010-07-22,59.85,61.82,58.84,61.57,287700,20.52
2010-07-21,61.29,61.29,58.85,58.86,245100,19.62
2010-07-20,60.69,61.45,58.82,61.17,528600,20.39
2010-07-19,62.79,64.19,60.90,61.56,297900,20.52
2010-07-16,64.87,65.97,62.53,62.65,378600,20.88
2010-07-15,67.23,67.23,64.51,65.19,355800,21.73
2010-07-14,67.87,68.33,67.00,67.15,195300,22.38
2010-07-13,66.64,68.63,65.89,68.33,320100,22.78
2010-07-12,66.05,66.46,65.05,65.95,141600,21.98
2010-07-09,66.21,66.78,65.63,66.47,167100,22.16
2010-07-08,67.64,67.91,66.00,66.50,231300,22.17
2010-07-07,64.58,67.01,64.58,66.89,225900,22.30
2010-07-06,66.48,67.00,64.10,64.51,259200,21.50
2010-07-02,67.26,67.38,64.66,65.40,123000,21.80
2010-07-01,66.59,67.39,65.00,66.85,326100,22.28
2010-06-30,66.89,68.05,66.54,66.78,292800,22.26
2010-06-29,69.50,69.50,65.72,66.68,417300,22.23
2010-06-28,68.69,70.64,67.82,69.57,329700,23.19
2010-06-25,67.76,69.44,67.26,68.47,423600,22.82
2010-06-24,68.12,68.86,67.34,67.62,218700,22.54
2010-06-23,68.47,68.97,67.81,68.45,236700,22.82
2010-06-22,69.22,69.94,68.24,68.51,274200,22.84
2010-06-21,71.52,71.52,68.82,69.19,316200,23.06
2010-06-18,71.76,71.76,70.75,70.78,597000,23.59
2010-06-17,72.40,72.80,71.03,71.23,375600,23.74
2010-06-16,68.09,72.55,67.91,72.37,835500,24.12
2010-06-15,67.40,68.98,66.89,68.77,206400,22.92
2010-06-14,69.65,69.96,67.51,67.65,295200,22.55
2010-06-11,66.62,69.35,66.62,69.19,295800,23.06
2010-06-10,67.00,67.79,66.69,67.62,302100,22.54
2010-06-09,67.18,67.62,65.93,66.16,306300,22.05
2010-06-08,66.83,67.73,65.52,66.43,467100,22.14
2010-06-07,66.64,67.81,66.11,66.38,392100,22.13
2010-06-04,67.09,68.03,65.71,66.51,398100,22.17
2010-06-03,68.86,70.00,67.80,68.49,375900,22.83
2010-06-02,67.42,69.34,66.65,69.21,330900,23.07
